128 0.994745 85.842026 1088.835449 432.529297 1454.668213
128 0.945555 93.572983 136.450104 372.304993 441.058929
114 0.731794 578.099182 128.261841 801.349548 463.442139
116 0.997497 176.374100 55.988281 420.726685 325.397156
17 0.332102 195.572159 70.548492 544.602112 449.280365
104 0.981614 355.631317 28.024170 522.043457 257.054657
123 0.639256 376.736145 459.178101 716.696716 1061.037842
133 0.998936 232.849609 104.146683 426.172607 308.929749
119 0.998070 424.364929 135.119125 803.276550 577.521423
18 0.109979 235.594330 62.425179 461.171967 310.571930
95 0.114447 227.975311 72.064430 375.517548 285.344330
43 0.005431 230.623230 159.557220 400.539062 274.866821
7 0.125519 343.450775 184.999542 986.979248 757.814697
6 0.077257 720.944336 399.212494 1226.145142 1031.301025
86 0.018879 102.118492 82.264450 190.834991 234.061630
86 0.011808 369.389313 91.405823 467.548492 224.792572
92 0.045014 615.669250 352.159363 738.314514 524.243530
92 0.026740 292.617065 334.567047 381.770447 461.482086
92 0.023183 1253.149658 298.689728 1359.981934 460.452911
92 0.008856 898.091187 206.149780 1057.546875 412.321411
