15 0.999892 207.857147 70.551605 467.727325 359.030121
128 0.008241 93.572983 136.450104 372.304993 441.058929
114 0.928519 579.113525 175.035233 805.900879 402.030457
116 0.006266 166.622223 68.621689 435.130096 328.660095
17 0.898319 192.020401 67.087433 570.167358 454.961090
104 0.417072 358.559998 38.779556 521.643188 254.435287
35 0.998107 44.587936 44.460991 191.024551 197.682587
123 0.550501 358.493713 463.984741 727.538635 1093.756226
133 0.007330 238.263885 110.597610 411.394928 318.509949
119 0.026462 408.477905 90.480194 812.473267 628.490967
30 0.999967 199.957138 81.392685 320.451630 220.739639
18 0.903179 235.594330 62.425179 461.171967 310.571930
43 0.827789 236.937759 104.435310 386.617798 335.152008
7 0.995643 371.043762 200.331238 963.557678 768.062134
41 0.999871 100.623817 150.209473 259.412994 332.234222
41 0.999850 699.569092 147.152313 918.021606 371.122589
41 0.998207 423.429291 173.076218 579.941772 375.665588
6 0.875154 675.041321 346.017853 1248.916748 1020.233032
83 0.005546 311.064667 141.438477 455.204071 284.484772
83 0.005524 47.071648 115.803665 214.076630 286.732056
44 0.935382 471.316803 130.068314 698.171448 333.410400
86 0.096331 100.338783 98.306297 192.165100 208.280182
92 0.013433 1250.247559 308.464478 1352.226318 445.823547
92 0.047124 910.597168 211.154465 1037.771973 398.126038
92 0.113854 288.047821 336.137604 407.254120 471.067780
92 0.113788 631.222107 364.618774 728.865540 500.153198
92 0.006730 653.683716 402.674225 712.309937 470.333405
47 0.999459 304.049744 62.858246 639.983704 507.066681
