77 0.999388 1437.184814 438.582153 2529.607666 1547.177612
65 0.999982 354.369446 214.750366 821.562317 703.021118
70 0.972288 329.625214 196.852051 863.702881 814.963379
128 0.018698 78.904541 154.346558 404.490723 445.501648
100 0.999898 371.214844 203.922623 700.001587 605.321472
95 0.997007 856.244690 45.990189 1004.498352 206.096741
95 0.991558 206.088684 79.437073 410.833740 258.545624
43 0.006824 236.937759 104.435310 386.617798 335.152008
96 0.999891 570.554443 91.610489 916.382568 439.453552
96 0.998820 105.415039 37.080261 378.097473 385.259949
6 0.007306 682.470337 280.668610 1222.874512 1146.149780
83 0.999812 566.989380 121.411369 695.423096 292.737305
83 0.999430 791.688721 116.976219 954.786133 294.418640
83 0.992669 44.586281 114.318398 196.589508 295.284912
83 0.929527 311.064667 141.438477 455.204071 284.484772
83 0.024079 1.000000 85.389229 245.037018 326.669159
44 0.012187 476.774231 139.670395 677.491150 327.501404
86 0.833845 100.338783 98.306297 192.165100 208.280182
86 0.991630 362.897003 101.749748 473.619476 213.278351
86 0.019685 61.826553 77.738403 227.457016 256.064514
92 0.746313 623.370361 363.586487 738.576172 507.973389
92 0.960037 1250.247559 308.464478 1352.226318 445.823547
92 0.938117 910.597168 211.154465 1037.771973 398.126038
92 0.927605 288.047821 336.137604 407.254120 471.067780
53 0.999752 646.130981 520.695374 1724.572388 1771.230469
